$ANSIBLE_VAULT;1.1;AES256
62353137393731393735363733383864336135646139646461616630653834663332633861666435
3636303630353839366662376333656633353862396339610a633931336633323662613137646366
64613166636533653062316362663535316536383664363466316630313036363362303035643139
3539333031633663660a393439643964643233643330646439633062386339393835616262313437
36326361336633643332366137313031393039653263626666353232396338616333666331306330
33653234636630333135633861653833643065366439376162646634663339333836316231333766
65343462653731353231363836666635373131396631373034616663346466653734303061663631
31613532383362613333663862663637326664393163306466653761616561346266343765333136
39386634666662613261626365356139316236333235393334383334653339636362386333616165
33346138356538396663643334353462313238366430663434383864613931336664323139373864
65346261323963316433646638346336613931336536653061393465393766393165633632333433
66343732333834343362623362333835613766363631616664393238313839623832353262326538
33396562383238393762633237613136653934386334663736656535356233626631396331663432
31613732633761663364353037626134356535616635663662363766333335336465656263633366
61363666616133313130613936633164663332356663363366383538613866356665626233613238
65333331376332303837363531386136623465336436656238653534336561316236633536333863
35313061643265656166396466376239653938616437313837323433373737633335376138663065
30393163623465353464393832323833333464623830313165383735656136313561663261616361
36313237623033643733656238346665353338333532376331343336333932363835333638373730
32636539386137636265613934633532366362623062396166333036336664366635623739313737
30393764303038646532633065616439346234646538633236303331643838666639623962633366
62346465373133326534376265613638356637336131326333316337343833636164343864303733
61326634323631616635623034313831653661373436623837316637333037353262316337636635
65386336393536313265326364316335373032386339613565643762633531303061666335643036
64323037383834356530333831366439656362633439303336373566383235356164
