$ANSIBLE_VAULT;1.1;AES256
36356439663136333832323937623433623539333665386265313733346465383764386661393766
3839613339363937303732366361396461376239643531380a346437326336646363313537313366
37616533313137353237313437656331663965326133396632353332613163383331643538363139
3561346431653736340a623162346537363961626233623230306563396662366436643831306338
31653365623538356330313939663362633336386461336536326465396563613630303537386262
32316262373230616331333832363261373839626534306262363736303234633338396265333039
37343332376263346662303764623735643863383462633233313633623166336235366637643638
36313432623865626665323738613333646331613539313662343736353737393132626666646233
63396439326630663561626438656239373265653762623338363062323732393136303934376535
39346262633565643166323631306330303039636163376337633939383337383137616632346464
34613063336333353563656366393436303433643563363130316664653562383235396138326664
65303464326130326464633839303436393964376637656662663232326162663933343232613632
36376537346563623037616330613630616333613635323763323830376531666565346362653833
36313462653566623961356163666561313235333262313330346431353931303838373762373364
33386230646461623366306236333165663131626430353162303735373631626432613063346433
62643231323366313363653438346662613164346132633730316330653732386539643761306663
66613030336636343735663434393233343564373762336632633039363739643434303230353166
30393037333638366265396266376365323565323637363537366235366630383230616537353537
38343236616561383234323334616532396564393064613163616665336636373031303165333730
34646331653439343362326238336636323235656562393831303264383534623161353166316435
63386239646439646537366435643066373762383136386635666337616465323134333830343662
63626163646232323537313337613863373966376132343232326331386433346563363533303635
31643966303736353835653435643135363137313261303834663232623534643461613836383063
31393861306430323334356330363138383632333064323963653232643237313639656135356563
35363139613961623562393634353962343535613836646537313262643237383633
